function pitches = tabelaDoMaior()
%%Retorna todas as frequências da escala de Do maior

pitches = [16.352 18.354 20.602 21.827 24.500 27.500 30.868 32.703 36.708 41.203 43.654 48.999 55.000 61.735 65.406 73.416 82.407 87.307 97.999 110.000 123.470 130.800 146.830 164.810 174.610 196.000 220.000 246.940 261.630 293.660 329.630 349.230 392.000 440.000 493.880 523.250 587.330 659.260 698.460 783.990 880.000 987.770 1046.500 1174.700 1318.500 1396.900 1568.000 1760.000 1975.500 2093.000 2349.300 2637.000 2793.800 3136.000 3520.000 3951.100 4186.000 4698.600 5274.000 5587.700 6271.900 7040.000 7902.100 8372.000 9397.300 10548.100 11175.300 12543.900 14080.000 15804.300 16744.000 18794.500 21096.200 22350.600];

end